   0.0000000000   0.0000000000   0.0000000000   0.0000000000
   0.0144338626   0.0000000000   0.0000000000   0.0000000000
   0.0288677252   0.0000000000   0.0000000000   0.0000000000
   0.0433015877   0.0000000000   0.0000000000   0.0000000000
   0.0577354503   0.0000000000   0.0000000000   0.0000000000
   0.0721693129   0.0000000000   0.0000000000   0.0000000000
   0.0866031755   0.0000000000   0.0000000000   0.0000000000
   0.1010370380   0.0000000000   0.0000000000   0.0000000000
   0.1154709006   0.0000000000   0.0000000000   0.0000000000
   0.1299047632   0.0000000000   0.0000000000   0.0000000000
   0.1443386258   0.0000000000   0.0000000000   0.0000000000
   0.1587724884   0.0000000000   0.0000000000   0.0000000000
   0.1732063509   0.0000000000   0.0000000000   0.0000000000
   0.1876402135   0.0000000000   0.0000000000   0.0000000000
   0.2020740761   0.0000000000   0.0000000000   0.0000000000
   0.2165079387   0.0000000000   0.0000000000   0.0000000000
   0.2309418013   0.0000000000   0.0000000000   0.0000000000
   0.2453756638   0.0000000000   0.0000000000   0.0000000000
   0.2598095264   0.0000000000   0.0000000000   0.0000000000
   0.2742433890   0.0000000000   0.0000000000   0.0000000000
   0.2886772516   0.0000000000   0.0000000000   0.0000000000
   0.3031111141   0.0000000000  -0.0000000000  -0.0000000000
   0.3175449767  -0.0000000000  -0.0000000000  -0.0000000000
   0.3319788393  -0.0000000000  -0.0000000000  -0.0000000000
   0.3464127019  -0.0000000000  -0.0000000000  -0.0000000000
   0.3608465645  -0.0000000000  -0.0000000000  -0.0000000000
   0.3752804270  -0.0000000000  -0.0000000000  -0.0000000000
   0.3897142896  -0.0000000000  -0.0000000000  -0.0000000000
   0.4041481522  -0.0000000000  -0.0000000000  -0.0000000000
   0.4185820148  -0.0000000000  -0.0000000000  -0.0000000000
   0.4330158774  -0.0000000000  -0.0000000000  -0.0000000000
   0.4474497399  -0.0000000000  -0.0000000000  -0.0000000000
   0.4618836025   0.0000000000  -0.0000000000  -0.0000000000
   0.4763174651   0.0000000000  -0.0000000000  -0.0000000000
   0.4907513277   0.0000000000  -0.0000000000  -0.0000000000
   0.5051851902   0.0000000000   0.0000000000   0.0000000000
   0.5196190528   0.0000000000   0.0000000000   0.0000000000
   0.5340529154   0.0000000000   0.0000000000   0.0000000000
   0.5484867780   0.0000000000   0.0000000000   0.0000000000
   0.5629206406   0.0000000000   0.0000000000   0.0000000000
   0.5773545031   0.0000000000   0.0000000000   0.0000000000
   0.5917883657   0.0000000000   0.0000000000   0.0000000000
   0.6062222283   0.0000000000   0.0000000000   0.0000000000
   0.6206560909  -0.0000000000   0.0000000000   0.0000000000
   0.6350899535  -0.0000000000   0.0000000000   0.0000000000
   0.6495238160  -0.0000000000  -0.0000000000  -0.0000000000
   0.6639576786  -0.0000000000  -0.0000000000  -0.0000000000
   0.6783915412  -0.0000000000  -0.0000000000  -0.0000000000
   0.6928254038  -0.0000000000  -0.0000000000  -0.0000000000
   0.7072592663  -0.0000000000  -0.0000000000  -0.0000000000
   0.7216931289  -0.0000000000  -0.0000000000  -0.0000000000
   0.7361269915  -0.0000000000  -0.0000000000  -0.0000000000
   0.7505608541  -0.0000000000  -0.0000000000  -0.0000000000
   0.7649947167  -0.0000000000  -0.0000000000  -0.0000000000
   0.7794285792  -0.0000000000  -0.0000000000  -0.0000000000
   0.7938624418  -0.0000000000  -0.0000000000  -0.0000000000
   0.8082963044  -0.0000000000  -0.0000000000  -0.0000000000
   0.8227301670  -0.0000000000  -0.0000000000  -0.0000000000
   0.8371640296  -0.0000000000  -0.0000000000  -0.0000000000
   0.8515978921  -0.0000000000  -0.0000000000  -0.0000000000
   0.8660317547  -0.0000000000  -0.0000000000  -0.0000000000
   0.8804656173  -0.0000000000   0.0000000000  -0.0000000000
   0.8948994799   0.0000000000   0.0000000000   0.0000000000
   0.9093333424   0.0000000000   0.0000000000   0.0000000000
   0.9237672050   0.0000000000   0.0000000000   0.0000000000
   0.9382010676   0.0000000000   0.0000000000   0.0000000000
   0.9526349302   0.0000000000   0.0000000000   0.0000000000
   0.9670687928   0.0000000000   0.0000000000   0.0000000000
   0.9815026553   0.0000000000   0.0000000000   0.0000000000
   0.9959365179  -0.0000000000  -0.0000000000  -0.0000000000
   1.0103703805  -0.0000000000  -0.0000000000  -0.0000000000
   1.0248042431  -0.0000000000  -0.0000000000  -0.0000000000
   1.0392381056  -0.0000000000  -0.0000000000  -0.0000000000
   1.0536719682  -0.0000000000  -0.0000000000  -0.0000000000
   1.0681058308  -0.0000000000  -0.0000000000  -0.0000000000
   1.0825396934  -0.0000000000   0.0000000000   0.0000000000
   1.0969735560   0.0000000000   0.0000000000   0.0000000000
   1.1114074185   0.0000000000   0.0000000000   0.0000000000
   1.1258412811   0.0000000000   0.0000000000   0.0000000000
   1.1402751437   0.0000000000   0.0000000000   0.0000000000
   1.1547090063   0.0000000000   0.0000000000   0.0000000000
   1.1691428689  -0.0000000000  -0.0000000000  -0.0000000000
   1.1835767314  -0.0000000000  -0.0000000000  -0.0000000000
   1.1980105940  -0.0000000000  -0.0000000000  -0.0000000000
   1.2124444566  -0.0000000000  -0.0000000000  -0.0000000000
   1.2268783192  -0.0000000000  -0.0000000000  -0.0000000000
   1.2413121817  -0.0000000000   0.0000000000  -0.0000000000
   1.2557460443   0.0000000000   0.0000000000   0.0000000000
   1.2701799069   0.0000000000   0.0000000000   0.0000000000
   1.2846137695   0.0000000000   0.0000000000   0.0000000001
   1.2990476321   0.0000000000   0.0000000000   0.0000000001
   1.3134814946   0.0000000000   0.0000000000   0.0000000000
   1.3279153572  -0.0000000000  -0.0000000000  -0.0000000000
   1.3423492198  -0.0000000000  -0.0000000001  -0.0000000001
   1.3567830824  -0.0000000001  -0.0000000001  -0.0000000001
   1.3712169450  -0.0000000001  -0.0000000001  -0.0000000001
   1.3856508075  -0.0000000001  -0.0000000000  -0.0000000001
   1.4000846701   0.0000000000   0.0000000001   0.0000000001
   1.4145185327   0.0000000001   0.0000000002   0.0000000002
   1.4289523953   0.0000000002   0.0000000003   0.0000000003
   1.4433862578   0.0000000002   0.0000000002   0.0000000003
   1.4578201204   0.0000000001  -0.0000000000   0.0000000001
   1.4722539830  -0.0000000000  -0.0000000002  -0.0000000002
   1.4866878456  -0.0000000002  -0.0000000003  -0.0000000006
   1.5011217082  -0.0000000004  -0.0000000003  -0.0000000008
   1.5155555707  -0.0000000004   0.0000000000  -0.0000000007
   1.5299894333  -0.0000000003   0.0000000004  -0.0000000002
   1.5444232959   0.0000000001   0.0000000005   0.0000000006
   1.5588571585   0.0000000006   0.0000000000   0.0000000015
   1.5732910211   0.0000000011  -0.0000000011   0.0000000022
   1.5877248836   0.0000000014  -0.0000000025   0.0000000023
   1.6021587462   0.0000000013  -0.0000000034   0.0000000014
   1.6165926088   0.0000000005  -0.0000000025  -0.0000000007
   1.6310264714  -0.0000000010   0.0000000011  -0.0000000039
   1.6454603339  -0.0000000032   0.0000000074  -0.0000000075
   1.6598941965  -0.0000000056   0.0000000147  -0.0000000102
   1.6743280591  -0.0000000071   0.0000000194  -0.0000000103
   1.6887619217  -0.0000000066   0.0000000174  -0.0000000057
   1.7031957843  -0.0000000028   0.0000000050   0.0000000046
   1.7176296468   0.0000000049  -0.0000000177   0.0000000199
   1.7320635094   0.0000000154  -0.0000000459   0.0000000361
   1.7464973720   0.0000000256  -0.0000000690   0.0000000462
   1.7609312346   0.0000000306  -0.0000000735   0.0000000416
   1.7753650971   0.0000000251  -0.0000000483   0.0000000158
   1.7897989597   0.0000000060   0.0000000090  -0.0000000303
   1.8042328223  -0.0000000247   0.0000000868  -0.0000000857
   1.8186666849  -0.0000000589   0.0000001594  -0.0000001291
   1.8331005475  -0.0000000827   0.0000001929  -0.0000001353
   1.8475344100  -0.0000000814   0.0000001587  -0.0000000858
   1.8619682726  -0.0000000461   0.0000000487   0.0000000184
   1.8764021352   0.0000000198  -0.0000001132   0.0000001495
   1.8908359978   0.0000000972  -0.0000002722   0.0000002569
   1.9052698604   0.0000001558  -0.0000003584   0.0000002841
   1.9197037229   0.0000001647  -0.0000003155   0.0000001955
   1.9341375855   0.0000001073  -0.0000001319   0.0000000008
   1.9485714481  -0.0000000066   0.0000001417  -0.0000002368
   1.9630053107  -0.0000001385   0.0000004013  -0.0000004168
   1.9774391732  -0.0000002330   0.0000005272  -0.0000004428
   1.9918730358  -0.0000002409   0.0000004389  -0.0000002714
   2.0063068984  -0.0000001449   0.0000001441   0.0000000530
   2.0207407610   0.0000000255  -0.0000002483   0.0000004018
   2.0351746236   0.0000001996  -0.0000005634   0.0000006106
   2.0496084861   0.0000002951  -0.0000006388   0.0000005547
   2.0640423487   0.0000002582  -0.0000004127   0.0000002195
   2.0784762113   0.0000000976   0.0000000254  -0.0000002757
   2.0929100739  -0.0000001103   0.0000004579  -0.0000007189
   2.1073439365  -0.0000002529   0.0000006411  -0.0000008962
   2.1217777990  -0.0000002431   0.0000004472  -0.0000006883
   2.1362116616  -0.0000000805  -0.0000000245  -0.0000001188
   2.1506455242   0.0000001218  -0.0000004437   0.0000006714
   2.1650793868   0.0000001735  -0.0000003911   0.0000014980
   2.1795132493  -0.0000000881   0.0000003804   0.0000021808
   2.1939471119  -0.0000006584   0.0000016647   0.0000024958
   2.2083809745  -0.0000012502   0.0000026475   0.0000020259
   2.2228148371  -0.0000012822   0.0000020280   0.0000000339
   2.2372486997  -0.0000000377  -0.0000014925  -0.0000044135
   2.2516825622   0.0000029746  -0.0000083724  -0.0000118339
   2.2661164248   0.0000074997  -0.0000172181  -0.0000211739
   2.2805502874   0.0000119935  -0.0000239559  -0.0000284314
   2.2949841500   0.0000133097  -0.0000217210  -0.0000258386
   2.3094180126   0.0000069639  -0.0000020857  -0.0000027254
   2.3238518751  -0.0000116616   0.0000418567   0.0000508864
   2.3382857377  -0.0000449458   0.0001104573   0.0001375786
   2.3527196003  -0.0000896173   0.0001912294   0.0002436442
   2.3671534629  -0.0001329964   0.0002530876   0.0003305680
   2.3815873254  -0.0001502313   0.0002438698   0.0003308426
   2.3960211880  -0.0001043446   0.0000942789   0.0001524895
   2.4104550506   0.0000491412  -0.0002694244  -0.0003045950
   2.4248889132   0.0003520786  -0.0009039429  -0.0011204941
   2.4393227758   0.0008288590  -0.0018221620  -0.0023199156
   2.4537566383   0.0014699026  -0.0029682982  -0.0038389403
   2.4681905009   0.0022185640  -0.0042046432  -0.0055062032
   2.4826243635   0.0029674518  -0.0053190939  -0.0070503032
   2.4970582261   0.0035690703  -0.0060583557  -0.0081400739
   2.5114920887   0.0038623105  -0.0061840402  -0.0084549961
   2.5259259512   0.0037112268  -0.0055398719  -0.0077717882
   2.5403598138   0.0030471924  -0.0041111114  -0.0060438354
   2.5547936764   0.0019019548  -0.0020553830  -0.0034467358
   2.5692275390   0.0004191409   0.0003106232  -0.0003686804
   2.5836614015  -0.0011637598   0.0025721099   0.0026613282
   2.5980952641  -0.0025626802   0.0043128721   0.0050947596
   2.6125291267  -0.0035136276   0.0052221320   0.0065030471
   2.6269629893  -0.0038410290   0.0051793840   0.0066935744
   2.6413968519  -0.0035073050   0.0042891372   0.0057635213
   2.6558307144  -0.0026271072   0.0028517242   0.0040702327
   2.6702645770  -0.0014395916   0.0012766441   0.0021235648
   2.6846984396  -0.0002451418  -0.0000357174   0.0004327854
   2.6991323022   0.0006753287  -0.0008068334  -0.0006421875
   2.7135661647   0.0011342178  -0.0009513551  -0.0009854973
   2.7280000273   0.0010818444  -0.0005849548  -0.0007346994
   2.7424338899   0.0006089833   0.0000316888  -0.0002040194
   2.7568677525  -0.0000915955   0.0005914523   0.0002478603
   2.7713016151  -0.0007901683   0.0008467408   0.0003549309
   2.7857354776  -0.0012892938   0.0006867179   0.0000348664
   2.8001693402  -0.0014750219   0.0001614993  -0.0005978303
   2.8146032028  -0.0013358087  -0.0005509852  -0.0012969079
   2.8290370654  -0.0009473158  -0.0012192838  -0.0017972725
   2.8434709280  -0.0004333088  -0.0016442705  -0.0019275834
   2.8579047905   0.0000800410  -0.0017251339  -0.0016766994
   2.8723386531   0.0004993512  -0.0014838216  -0.0011890523
   2.8867725157   0.0007784277  -0.0010431686  -0.0006944614
   2.9012063783   0.0009116351  -0.0005712381  -0.0004049675
   2.9156402408   0.0009148351  -0.0002156341  -0.0004237568
   2.9300741034   0.0008063986  -0.0000529917  -0.0007043782
   2.9445079660   0.0005984642  -0.0000707663  -0.0010757273
   2.9589418286   0.0003015724  -0.0001846715  -0.0013197770
   2.9733756912  -0.0000623118  -0.0002813418  -0.0012670592
   2.9878095537  -0.0004485301  -0.0002672700  -0.0008686020
   3.0022434163  -0.0007899713  -0.0001045914  -0.0002146134
   3.0166772789  -0.0010127456   0.0001786633   0.0005058586
   3.0311111415  -0.0010627305   0.0005050670   0.0010845015
   3.0455450041  -0.0009314771   0.0007817421   0.0013767442
   3.0599788666  -0.0006682257   0.0009366594   0.0013526401
   3.0744127292  -0.0003695765   0.0009429772   0.0010959531
   3.0888465918  -0.0001479040   0.0008234931   0.0007557055
   3.1032804544  -0.0000896737   0.0006360724   0.0004753722
   3.1177143169  -0.0002206237   0.0004482726   0.0003333835
   3.1321481795  -0.0004932215   0.0003124583   0.0003211144
   3.1465820421  -0.0008031163   0.0002508020   0.0003651364
   3.1610159047  -0.0010290480   0.0002541808   0.0003787760
   3.1754497673  -0.0010803139   0.0002928776   0.0003145374
   3.1898836298  -0.0009322323   0.0003327985   0.0001900748
   3.2043174924  -0.0006349342   0.0003499881   0.0000752438
   3.2187513550  -0.0002921973   0.0003382507   0.0000485714
   3.2331852176  -0.0000198005   0.0003082313   0.0001475942
   3.2476190802   0.0000987437   0.0002796755   0.0003406826
   3.2620529427   0.0000409164   0.0002706728   0.0005366331
   3.2764868053  -0.0001521401   0.0002882099   0.0006283432
   3.2909206679  -0.0003977521   0.0003236160   0.0005486319
   3.3053545305  -0.0006070435   0.0003548438   0.0003092091
   3.3197883930  -0.0007175654   0.0003552925   0.0000016643
   3.3342222556  -0.0007105099   0.0003063450  -0.0002417889
   3.3486561182  -0.0006082329   0.0002086747  -0.0003097531
   3.3630899808  -0.0004569882   0.0000867383  -0.0001657083
   3.3775238434  -0.0003052648  -0.0000173055   0.0001317907
   3.3919577059  -0.0001878134  -0.0000597289   0.0004531510
   3.4063915685  -0.0001203909  -0.0000156306   0.0006552395
   3.4208254311  -0.0001037661   0.0001057718   0.0006456824
   3.4352592937  -0.0001312297   0.0002597006   0.0004242315
   3.4496931563  -0.0001936991   0.0003814569   0.0000823679
   3.4641270188  -0.0002799058   0.0004139734  -0.0002382344
   3.4785608814  -0.0003735691   0.0003350492  -0.0004090293
   3.4929947440  -0.0004520219   0.0001704878  -0.0003708840
   3.5074286066  -0.0004899566  -0.0000149316  -0.0001583075
   3.5218624691  -0.0004684018  -0.0001459817   0.0001185035
   3.5362963317  -0.0003850042  -0.0001719595   0.0003249151
   3.5507301943  -0.0002597115  -0.0000908000   0.0003629244
   3.5651640569  -0.0001313732   0.0000502397   0.0002146657
   3.5795979195  -0.0000449962   0.0001781841  -0.0000507981
   3.5940317820  -0.0000342390   0.0002304465  -0.0003100222
   3.6084656446  -0.0001066470   0.0001849854  -0.0004421831
   3.6228995072  -0.0002385357   0.0000691617  -0.0003848270
   3.6373333698  -0.0003825101  -0.0000567126  -0.0001632275
   3.6517672323  -0.0004851505  -0.0001317435   0.0001200330
   3.6662010949  -0.0005079003  -0.0001252351   0.0003308360
   3.6806349575  -0.0004426521  -0.0000499172   0.0003642532
   3.6950688201  -0.0003155768   0.0000482409   0.0001928642
   3.7095026827  -0.0001774611   0.0001166626  -0.0001193452
   3.7239365452  -0.0000842274   0.0001239134  -0.0004441142
   3.7383704078  -0.0000752382   0.0000737271  -0.0006451061
   3.7528042704  -0.0001579045  -0.0000009660  -0.0006379759
   3.7672381330  -0.0003046941  -0.0000589263  -0.0004273287
   3.7816719956  -0.0004638015  -0.0000736823  -0.0001041568
   3.7961058581  -0.0005793444  -0.0000461053   0.0001946378
   3.8105397207  -0.0006131018  -0.0000008068   0.0003459448
   3.8249735833  -0.0005590974   0.0000299018   0.0002924137
   3.8394074459  -0.0004451651   0.0000244455   0.0000639560
   3.8538413084  -0.0003209683  -0.0000172534  -0.0002395020
   3.8682751710  -0.0002376080  -0.0000752833  -0.0004946104
   3.8827090336  -0.0002274742  -0.0001209745  -0.0006084591
   3.8971428962  -0.0002927613  -0.0001307583  -0.0005555985
   3.9115767588  -0.0004070994  -0.0000957275  -0.0003830608
   3.9260106213  -0.0005288582  -0.0000238182  -0.0001834713
   3.9404444839  -0.0006195878   0.0000639798  -0.0000505045
   3.9548783465  -0.0006591687   0.0001397207  -0.0000376525
   3.9693122091  -0.0006513450   0.0001740307  -0.0001380395
   3.9837460717  -0.0006182396   0.0001405502  -0.0002920822
   3.9981799342  -0.0005876475   0.0000203461  -0.0004168096
   4.0126137968  -0.0005798143  -0.0001932505  -0.0004416998
   4.0270476594  -0.0005997886  -0.0004910337  -0.0003347107
   4.0414815220  -0.0006379189  -0.0008486424  -0.0001085436
   4.0559153845  -0.0006767502  -0.0012336281   0.0001926091
   4.0703492471  -0.0006997541  -0.0016172610   0.0005167106
   4.0847831097  -0.0006972702  -0.0019855091   0.0008253021
   4.0992169723  -0.0006673821  -0.0023423711   0.0011030415
   4.1136508349  -0.0006125742  -0.0027018570   0.0013529473
   4.1280846974  -0.0005350840  -0.0030712288   0.0015824244
   4.1425185600  -0.0004339042  -0.0034340555   0.0017891264
   4.1569524226  -0.0003047507  -0.0037432705   0.0019545636
   4.1713862852  -0.0001422823  -0.0039301310   0.0020482900
   4.1858201478   0.0000572438  -0.0039266981   0.0020395765
   4.2002540103   0.0002943626  -0.0036917783   0.0019099237
   4.2146878729   0.0005660861  -0.0032277564   0.0016602018
   4.2291217355   0.0008660736  -0.0025801105   0.0013099083
   4.2435555981   0.0011844163  -0.0018203442   0.0008905670
   4.2579894606   0.0015070413  -0.0010215886   0.0004379659
   4.2724233232   0.0018157294  -0.0002394164  -0.0000125807
   4.2868571858   0.0020898875   0.0004933067  -0.0004268048
   4.3012910484   0.0023102287   0.0011571754  -0.0007701406
   4.3157249110   0.0024630262   0.0017305595  -0.0010081972
   4.3301587735   0.0025427906   0.0021788926  -0.0011114164
   4.3445926361   0.0025518383   0.0024570971  -0.0010630292
   4.3590264987   0.0024970505   0.0025253428  -0.0008664819
   4.3734603613   0.0023859512   0.0023702151  -0.0005478990
   4.3878942239   0.0022247191   0.0020196659  -0.0001513918
   4.4023280864   0.0020194175   0.0015428647   0.0002712159
   4.4167619490   0.0017793775   0.0010336990   0.0006717380
   4.4311958116   0.0015199139   0.0005849587   0.0010132504
   4.4456296742   0.0012616762   0.0002646788   0.0012716855
   4.4600635367   0.0010259711   0.0001043812   0.0014327646
   4.4744973993   0.0008280491   0.0001022366   0.0014881717
   4.4889312619   0.0006718891   0.0002363712   0.0014347373
   4.5033651245   0.0005494018   0.0004790842   0.0012777745
   4.5177989871   0.0004445884   0.0008039404   0.0010363181
   4.5322328496   0.0003405006   0.0011834806   0.0007460194
   4.5466667122   0.0002254537   0.0015819161   0.0004560855
   4.5611005748   0.0000955883   0.0019505478   0.0002196006
   4.5755344374  -0.0000469396   0.0022318855   0.0000801315
   4.5899682999  -0.0001984464   0.0023728348   0.0000597464
   4.6044021625  -0.0003578820   0.0023414712   0.0001532539
   4.6188360251  -0.0005280800   0.0021393277   0.0003308141
   4.6332698877  -0.0007133403   0.0018030971   0.0005474824
   4.6477037503  -0.0009147949   0.0013947498   0.0007555469
   4.6621376128  -0.0011263737   0.0009842510   0.0009149578
   4.6765714754  -0.0013339794   0.0006317025   0.0009988312
   4.6910053380  -0.0015187743   0.0003749918   0.0009938361
   4.7054392006  -0.0016632233   0.0002259157   0.0008976324
   4.7198730632  -0.0017570020   0.0001741166   0.0007162075
   4.7343069257  -0.0017999484   0.0001955856   0.0004628049
   4.7487407883  -0.0018008449   0.0002616349   0.0001581473
   4.7631746509  -0.0017729705   0.0003450544  -0.0001697657
   4.7776085135  -0.0017287929   0.0004221464  -0.0004879396
   4.7920423760  -0.0016761765   0.0004716958  -0.0007630314
   4.8064762386  -0.0016173047   0.0004736655  -0.0009670560
   4.8209101012  -0.0015500582   0.0004105427  -0.0010821781
   4.8353439638  -0.0014706897   0.0002724654  -0.0011032296
   4.8497778264  -0.0013765205   0.0000643187  -0.0010378584
   4.8642116889  -0.0012677546  -0.0001893400  -0.0009050741
   4.8786455515  -0.0011479362  -0.0004457063  -0.0007328395
   4.8930794141  -0.0010229604  -0.0006530085  -0.0005546198
   4.9075132767  -0.0008989785  -0.0007651160  -0.0004043797
   4.9219471393  -0.0007800370  -0.0007559144  -0.0003101086
   4.9363810018  -0.0006665832  -0.0006276691  -0.0002873023
   4.9508148644  -0.0005557071  -0.0004102841  -0.0003349083
   4.9652487270  -0.0004431641  -0.0001523323  -0.0004359811
   4.9796825896  -0.0003262636   0.0000921863  -0.0005634940
   4.9941164521  -0.0002062160   0.0002765402  -0.0006892866
   5.0085503147  -0.0000887670   0.0003698375  -0.0007924354
   5.0229841773   0.0000172907   0.0003601312  -0.0008634983
   5.0374180399   0.0001032982   0.0002527694  -0.0009031321
   5.0518519025   0.0001645210   0.0000659437  -0.0009164670
   5.0662857650   0.0002030764  -0.0001742831  -0.0009067905
   5.0807196276   0.0002284865  -0.0004376734  -0.0008723357
   5.0951534902   0.0002549607  -0.0006916097  -0.0008080708
   5.1095873528   0.0002959433  -0.0009018576  -0.0007113466
   5.1240212154   0.0003582345  -0.0010342617  -0.0005877692
   5.1384550779   0.0004389207  -0.0010592153  -0.0004532665
   5.1528889405   0.0005273021  -0.0009591060  -0.0003303714
   5.1673228031   0.0006111215  -0.0007365104  -0.0002401378
   5.1817566657   0.0006833955  -0.0004191666  -0.0001937782
   5.1961905282   0.0007453443  -0.0000580653  -0.0001883923
   5.2106243908   0.0008033049   0.0002824360  -0.0002088778
   5.2250582534   0.0008616829   0.0005399371  -0.0002347628
   5.2394921160   0.0009169355   0.0006695036  -0.0002483777
   5.2539259786   0.0009569898   0.0006538449  -0.0002407012
   5.2683598411   0.0009667098   0.0005049935  -0.0002129906
   5.2827937037   0.0009358455   0.0002580092  -0.0001744814
   5.2972275663   0.0008644047  -0.0000396958  -0.0001377413
   5.3116614289   0.0007624807  -0.0003388303  -0.0001134965
   5.3260952914   0.0006454036  -0.0005952747  -0.0001065164
   5.3405291540   0.0005277093  -0.0007731490  -0.0001139321
   5.3549630166   0.0004192475  -0.0008456833  -0.0001269171
   5.3693968792   0.0003245557  -0.0007964044  -0.0001354569
   5.3838307418   0.0002445085  -0.0006220241  -0.0001341133
   5.3982646043   0.0001786411  -0.0003362922  -0.0001254630
   5.4126984669   0.0001271706   0.0000276453  -0.0001186215
   5.4271323295   0.0000923727   0.0004190661  -0.0001231097
   5.4415661921   0.0000789332   0.0007769103  -0.0001415819
   5.4560000547   0.0000926863   0.0010413433  -0.0001661825
   5.4704339172   0.0001376932   0.0011665452  -0.0001813185
   5.4848677798   0.0002129087   0.0011309009  -0.0001715992
   5.4993016424   0.0003105806   0.0009415733  -0.0001304062
   5.5137355050   0.0004178234   0.0006323240  -0.0000642773
   5.5281693675   0.0005206665   0.0002555761   0.0000089980
   5.5426032301   0.0006079492  -0.0001286988   0.0000670723
   5.5570370927   0.0006724730  -0.0004641315   0.0000909682
   5.5714709553   0.0007090093  -0.0007065581   0.0000710232
   5.5859048179   0.0007113557  -0.0008288106   0.0000093902
   5.6003386804   0.0006714859  -0.0008219067  -0.0000808146
   5.6147725430   0.0005821991  -0.0006938203  -0.0001790077
   5.6292064056   0.0004419075  -0.0004671052  -0.0002624302
   5.6436402682   0.0002585179  -0.0001759857  -0.0003120093
   5.6580741308   0.0000499495   0.0001372997  -0.0003169909
   5.6725079933  -0.0001590015   0.0004274558  -0.0002765974
   5.6869418559  -0.0003417956   0.0006524997  -0.0001982164
   5.7013757185  -0.0004751630   0.0007806926  -0.0000935330
   5.7158095811  -0.0005427493   0.0007963467   0.0000248516
   5.7302434436  -0.0005372233   0.0007027023   0.0001444500
   5.7446773062  -0.0004610993   0.0005208180   0.0002517873
   5.7591111688  -0.0003263161   0.0002846870   0.0003312834
   5.7735450314  -0.0001524503   0.0000339857   0.0003664165
   5.7879788940   0.0000362785  -0.0001935542   0.0003438238
   5.8024127565   0.0002145637  -0.0003683421   0.0002587978
   5.8168466191   0.0003593274  -0.0004726436   0.0001194769
   5.8312804817   0.0004523672  -0.0005016663  -0.0000524698
   5.8457143443   0.0004824276  -0.0004625029  -0.0002252956
   5.8601482069   0.0004469315  -0.0003715996  -0.0003638704
   5.8745820694   0.0003532258  -0.0002512734  -0.0004378509
   5.8890159320   0.0002187041  -0.0001256306  -0.0004292896
   5.9034497946   0.0000690811  -0.0000163038  -0.0003376522
   5.9178836572  -0.0000654128   0.0000613160  -0.0001805249
   5.9323175197  -0.0001553761   0.0001005063   0.0000107538
   5.9467513823  -0.0001779856   0.0001036603   0.0001996317
   5.9611852449  -0.0001218372   0.0000807279   0.0003543582
   5.9756191075   0.0000102325   0.0000462754   0.0004559117
   5.9900529701   0.0002010288   0.0000160853   0.0005010339
   6.0044868326   0.0004217057   0.0000039999   0.0004996708
   6.0189206952   0.0006367833   0.0000192827   0.0004684883
   6.0333545578   0.0008103882   0.0000645545   0.0004235158
   6.0477884204   0.0009123713   0.0001345542   0.0003748290
   6.0622222830   0.0009231288   0.0002162970   0.0003248323
   6.0766561455   0.0008364777   0.0002911916   0.0002699746
   6.0910900081   0.0006604701   0.0003390946   0.0002044323
   6.1055238707   0.0004163192   0.0003434077   0.0001238286
   6.1199577333   0.0001356140   0.0002957194   0.0000274610
   6.1343915958  -0.0001440489   0.0001985620  -0.0000814935
   6.1488254584  -0.0003847424   0.0000655189  -0.0001972066
   6.1632593210  -0.0005545119  -0.0000812523  -0.0003125752
   6.1776931836  -0.0006331468  -0.0002154089  -0.0004196188
   6.1921270462  -0.0006160136  -0.0003117529  -0.0005087418
   6.2065609087  -0.0005147685  -0.0003513995  -0.0005679089
   6.2209947713  -0.0003544960  -0.0003256489  -0.0005833709
   6.2354286339  -0.0001678636  -0.0002376203  -0.0005429820
   6.2498624965   0.0000121505  -0.0001012655  -0.0004415655
   6.2642963590   0.0001589174   0.0000617988  -0.0002861166
   6.2787302216   0.0002564338   0.0002265574  -0.0000979580
   6.2931640842   0.0003003652   0.0003687819   0.0000901472
   6.3075979468   0.0002961714   0.0004684259   0.0002418185
   6.3220318094   0.0002555033   0.0005121071   0.0003274073
   6.3364656719   0.0001923270   0.0004947748   0.0003331339
   6.3508995345   0.0001199169   0.0004204332   0.0002655405
   6.3653333971   0.0000492563   0.0003015102   0.0001495384
   6.3797672597  -0.0000112081   0.0001565949   0.0000207559
   6.3942011223  -0.0000549454   0.0000068757  -0.0000850321
   6.4086349848  -0.0000765811  -0.0001277430  -0.0001417075
   6.4230688474  -0.0000717255  -0.0002317393  -0.0001387117
   6.4375027100  -0.0000378012  -0.0002956643  -0.0000815990
   6.4519365726   0.0000243338  -0.0003165160   0.0000121620
   6.4663704351   0.0001088038  -0.0002972686   0.0001199667
   6.4808042977   0.0002042701  -0.0002459258   0.0002207532
   6.4952381603   0.0002953352  -0.0001741793   0.0002995050
   6.5096720229   0.0003656345  -0.0000956857   0.0003488003
   6.5241058855   0.0004015972  -0.0000241982   0.0003679319
   6.5385397480   0.0003955452   0.0000280391   0.0003608494
   6.5529736106   0.0003471785   0.0000514075   0.0003341223
   6.5674074732   0.0002632619   0.0000397434   0.0002955053
   6.5818413358   0.0001559658  -0.0000087065   0.0002529954
   6.5962751984   0.0000405276  -0.0000901350   0.0002139219
   6.6107090609  -0.0000672706  -0.0001944149   0.0001837808
   6.6251429235  -0.0001535396  -0.0003056558   0.0001650058
   6.6395767861  -0.0002084335  -0.0004045748   0.0001562757
   6.6540106487  -0.0002277057  -0.0004722310   0.0001529712
   6.6684445112  -0.0002133022  -0.0004939417   0.0001489370
   6.6828783738  -0.0001727632  -0.0004622508   0.0001390386
   6.6973122364  -0.0001175369  -0.0003784877   0.0001214933
   6.7117460990  -0.0000606338  -0.0002530435   0.0000989330
   6.7261799616  -0.0000141869  -0.0001044752   0.0000776438
   6.7406138241   0.0000126109   0.0000428519   0.0000652053
   6.7550476867   0.0000149142   0.0001629443   0.0000674366
   6.7694815493  -0.0000071531   0.0002338224   0.0000858479
   6.7839154119  -0.0000487579   0.0002431453   0.0001165772
   6.7983492745  -0.0001015557   0.0001917637   0.0001512080
   6.8127831370  -0.0001557140   0.0000937475   0.0001791656
   6.8272169996  -0.0002023279  -0.0000270943   0.0001908657
   6.8416508622  -0.0002355036  -0.0001428538   0.0001805851
   6.8560847248  -0.0002533625  -0.0002275810   0.0001481825
   6.8705185873  -0.0002576009  -0.0002624966   0.0000991998
   6.8849524499  -0.0002518748  -0.0002397172   0.0000433864
   6.8993863125  -0.0002398160  -0.0001640176  -0.0000078612
   6.9138201751  -0.0002236062  -0.0000520306  -0.0000443819
   6.9282540377  -0.0002036713   0.0000714841  -0.0000596579
   6.9426879002  -0.0001794550   0.0001797444  -0.0000521496
   6.9571217628  -0.0001507401   0.0002506952  -0.0000253084
   6.9715556254  -0.0001188424   0.0002721752   0.0000135945
   6.9859894880  -0.0000871752   0.0002439331   0.0000553858
   7.0004233506  -0.0000609903   0.0001763484   0.0000910811
   7.0148572131  -0.0000463632   0.0000869184   0.0001136325
   7.0292910757  -0.0000486678  -0.0000041002   0.0001190165
   7.0437249383  -0.0000709130  -0.0000779148   0.0001066066
   7.0581588009  -0.0001124107  -0.0001207762   0.0000789790
   7.0725926634  -0.0001682411  -0.0001264887   0.0000413798
   7.0870265260  -0.0002297986  -0.0000972862   0.0000010070
   7.1014603886  -0.0002863602  -0.0000426613  -0.0000338920
   7.1158942512  -0.0003272577   0.0000236180  -0.0000552191
   7.1303281138  -0.0003440481   0.0000872894  -0.0000565830
   7.1447619763  -0.0003321479   0.0001368490  -0.0000350528
   7.1591958389  -0.0002916619   0.0001653588   0.0000073601
   7.1736297015  -0.0002274175   0.0001706866   0.0000631540
   7.1880635641  -0.0001483563   0.0001546745   0.0001202831
   7.2024974266  -0.0000664046   0.0001218674   0.0001647286
   7.2169312892   0.0000051420   0.0000782422   0.0001841870
   7.2313651518   0.0000536998   0.0000301593   0.0001717942
   7.2457990144   0.0000697655  -0.0000163366   0.0001285802
   7.2602328770   0.0000491434  -0.0000558362   0.0000636279
   7.2746667395  -0.0000055864  -0.0000836603  -0.0000083452
   7.2891006021  -0.0000849382  -0.0000960617  -0.0000713230
   7.3035344647  -0.0001739878  -0.0000908132  -0.0001128183
   7.3179683273  -0.0002552197  -0.0000681222  -0.0001275114
   7.3324021899  -0.0003121042  -0.0000314181  -0.0001184149
   7.3468360524  -0.0003325559   0.0000125674  -0.0000951909
   7.3612699150  -0.0003114891   0.0000547484  -0.0000703122
   7.3757037776  -0.0002519437   0.0000855323  -0.0000545471
   7.3901376402  -0.0001645718   0.0000970783  -0.0000534353
   7.4045715027  -0.0000655870   0.0000853622  -0.0000659693
   7.4190053653   0.0000264414   0.0000514866  -0.0000857943
   7.4334392279   0.0000943331   0.0000017995  -0.0001042795
   7.4478730905   0.0001258245  -0.0000533973  -0.0001141588
   7.4623069531   0.0001161579  -0.0001023734  -0.0001123288
   7.4767408156   0.0000692105  -0.0001350491  -0.0001008118
   7.4911746782  -0.0000030557  -0.0001456110  -0.0000856576
   7.5056085408  -0.0000827549  -0.0001337501  -0.0000743434
   7.5200424034  -0.0001495436  -0.0001041696  -0.0000727388
   7.5344762660  -0.0001848836  -0.0000647157  -0.0000827725
   7.5489101285  -0.0001763583  -0.0000239461  -0.0001015864
   7.5633439911  -0.0001210869   0.0000110261  -0.0001223868
   7.5777778537  -0.0000272313   0.0000358630  -0.0001366276
   7.5922117163   0.0000871334   0.0000493151  -0.0001367961
   7.6066455788   0.0001978732   0.0000526118  -0.0001189619
   7.6210794414   0.0002806296   0.0000482501  -0.0000843699
   7.6355133040   0.0003171557   0.0000386809  -0.0000396092
   7.6499471666   0.0003003467   0.0000254463   0.0000047717
   7.6643810292   0.0002364005   0.0000091367   0.0000369531
   7.6788148917   0.0001433252  -0.0000098698   0.0000471977
   7.6932487543   0.0000461023  -0.0000303451   0.0000309500
   7.7076826169  -0.0000301230  -0.0000494607  -0.0000092929
   7.7221164795  -0.0000668049  -0.0000628203  -0.0000640420
   7.7365503421  -0.0000566928  -0.0000653715  -0.0001189684
   7.7509842046  -0.0000051245  -0.0000529250  -0.0001586616
   7.7654180672   0.0000723022  -0.0000237984  -0.0001709891
   7.7798519298   0.0001547551   0.0000199584  -0.0001508215
   7.7942857924   0.0002222002   0.0000722271  -0.0001019933
   7.8087196549   0.0002605904   0.0001236601  -0.0000367847
   7.8231535175   0.0002647975   0.0001636365   0.0000271518
   7.8375873801   0.0002387050   0.0001828738   0.0000717263
   7.8520212427   0.0001928056   0.0001759306   0.0000838122
   7.8664551053   0.0001403654   0.0001428200   0.0000593681
   7.8808889678   0.0000935177   0.0000892402   0.0000047885
   7.8953228304   0.0000604583   0.0000253714  -0.0000650944
   7.9097566930   0.0000443542  -0.0000364156  -0.0001316847
   7.9241905556   0.0000438905  -0.0000843556  -0.0001782686
   7.9386244181   0.0000548649  -0.0001099106  -0.0001946178
   7.9530582807   0.0000720558  -0.0001095759  -0.0001791007
   7.9674921433   0.0000907344  -0.0000854052  -0.0001379403
   7.9819260059   0.0001075069  -0.0000441416  -0.0000823361
